[('283_0.png', array([[0.4737496 , 0.1186965 , 0.6183194 , 0.29499146],
       [0.8121973 , 0.5577072 , 0.8940631 , 0.6974088 ],
       [0.02732065, 0.5896407 , 0.11093418, 0.6657744 ],
       [0.69289196, 0.05982122, 0.7959889 , 0.1601381 ],
       [0.44873524, 0.55090785, 0.58545744, 0.6865792 ],
       [0.29627445, 0.42119128, 0.39689752, 0.51425034],
       [0.90151715, 0.5364656 , 0.99096406, 0.62307125],
       [0.8027921 , 0.30070662, 0.9010912 , 0.38383257],
       [0.70518595, 0.51528174, 0.83234566, 0.59199375],
       [0.04270645, 0.36175814, 0.20929813, 0.48539326],
       [0.39989132, 0.6964881 , 0.522205  , 0.7863235 ],
       [0.6107435 , 0.20009965, 0.7064556 , 0.2950676 ],
       [0.70150405, 0.39298075, 0.80910176, 0.4754988 ],
       [0.06127045, 0.4812445 , 0.15175305, 0.62527066],
       [0.8365393 , 0.34579015, 0.9525276 , 0.4508571 ],
       [0.8016895 , 0.68027997, 0.88937974, 0.77859235],
       [0.34215465, 0.27915713, 0.475372  , 0.35895422],
       [0.6950861 , 0.29689348, 0.80131495, 0.39790362],
       [0.5158969 , 0.6638647 , 0.60429597, 0.7594934 ],
       [0.30735913, 0.12444513, 0.37667075, 0.20384942],
       [0.25918213, 0.19065908, 0.36575404, 0.30220813],
       [0.3636438 , 0.7764409 , 0.44174424, 0.87300354],
       [0.5048154 , 0.43780738, 0.64031583, 0.5210745 ],
       [0.20532325, 0.8239894 , 0.3146933 , 0.91416276],
       [0.5174617 , 0.75240827, 0.60168415, 0.8495321 ],
       [0.69227767, 0.16515884, 0.80043375, 0.21985924],
       [0.1205814 , 0.6099563 , 0.23820083, 0.7218229 ],
       [0.3423238 , 0.865517  , 0.47721794, 0.98857594],
       [0.6972038 , 0.21375984, 0.7932963 , 0.29680336],
       [0.62964416, 0.09213813, 0.69978654, 0.16686948],
       [0.6499475 , 0.4040373 , 0.7113755 , 0.48418438],
       [0.4908167 , 0.00687804, 0.652941  , 0.12940621],
       [0.91917545, 0.38023084, 0.9948512 , 0.46547782],
       [0.28122267, 0.72603863, 0.36932907, 0.848157  ],
       [0.20523304, 0.63252056, 0.30730844, 0.7679473 ],
       [0.23296885, 0.38861   , 0.31479135, 0.48999238],
       [0.46103632, 0.3017953 , 0.57679164, 0.4521886 ],
       [0.3602859 , 0.16247624, 0.46642253, 0.29450583],
       [0.62471163, 0.28229156, 0.69667506, 0.3858327 ],
       [0.5930898 , 0.67487836, 0.6843059 , 0.7980856 ],
       [0.75944   , 0.8285991 , 0.8389264 , 0.9070463 ],
       [0.73551005, 0.6984485 , 0.8036744 , 0.8178229 ],
       [0.47649732, 0.9048974 , 0.54744136, 0.980689  ],
       [0.76128507, 0.44810042, 0.86623   , 0.5314205 ],
       [0.22495958, 0.05192464, 0.34919932, 0.12101374],
       [0.6629641 , 0.6037429 , 0.7741884 , 0.7322876 ],
       [0.37230414, 0.0767785 , 0.4759401 , 0.15285833],
       [0.4726327 , 0.83784294, 0.58667225, 0.9204632 ],
       [0.78976244, 0.1069743 , 0.8813595 , 0.23962778],
       [0.1923126 , 0.10699224, 0.3097514 , 0.22811139],
       [0.21953356, 0.2679531 , 0.31274843, 0.38850528],
       [0.6631477 , 0.74765915, 0.7358272 , 0.808623  ],
       [0.4184277 , 0.40181017, 0.5033944 , 0.45958668],
       [0.3502412 , 0.3470573 , 0.4129394 , 0.4405063 ],
       [0.83457285, 0.4993374 , 0.9263535 , 0.5652224 ],
       [0.18338862, 0.7641718 , 0.26353332, 0.8683515 ],
       [0.005542  , 0.44829422, 0.07342907, 0.55640584],
       [0.58773166, 0.8991691 , 0.7047115 , 0.98325264],
       [0.60256356, 0.79058164, 0.71839124, 0.86333483],
       [0.09100532, 0.21661875, 0.22727689, 0.34207216],
       [0.3128404 , 0.01747443, 0.40718466, 0.08824547],
       [0.6841843 , 0.8437392 , 0.76218534, 0.9107252 ],
       [0.30815735, 0.55898637, 0.45241478, 0.6954208 ],
       [0.04410916, 0.27925572, 0.11200357, 0.3732992 ],
       [0.0825862 , 0.16867128, 0.15228039, 0.2528867 ],
       [0.17019424, 0.52845144, 0.27432403, 0.60988677],
       [0.8680916 , 0.44345552, 0.9496149 , 0.49898458],
       [0.64662844, 0.48702282, 0.70703644, 0.57828957],
       [0.35913917, 0.69971097, 0.40676686, 0.76596105],
       [0.63521653, 0.8693083 , 0.71862036, 0.9211727 ],
       [0.61930454, 0.15948825, 0.70633495, 0.2169859 ],
       [0.5788145 , 0.49717125, 0.6416383 , 0.5522601 ],
       [0.12823127, 0.5017532 , 0.21426158, 0.5504147 ],
       [0.06449445, 0.7189291 , 0.12576382, 0.809238  ],
       [0.14548707, 0.7477373 , 0.20604903, 0.8111166 ],
       [0.5909503 , 0.5761159 , 0.6394132 , 0.64424783],
       [0.26690948, 0.92036635, 0.3452406 , 0.96329147],
       [0.857472  , 0.76468354, 0.90655667, 0.83441466],
       [0.50606585, 0.9433767 , 0.58887005, 0.99698895],
       [0.5545441 , 0.90032655, 0.60204685, 0.9559441 ],
       [0.95748794, 0.46907926, 0.99563444, 0.54687834],
       [0.7375972 , 0.8013938 , 0.79262364, 0.85500115],
       [0.77154356, 0.64421785, 0.8228554 , 0.7018677 ],
       [0.7300401 , 0.58275646, 0.7960304 , 0.63416916],
       [0.88174665, 0.62355244, 0.9368739 , 0.6818911 ],
       [0.06476864, 0.6577522 , 0.1207421 , 0.7005766 ],
       [0.2796566 , 0.34800905, 0.3300488 , 0.39623123],
       [0.66171914, 0.8579006 , 0.7498117 , 0.91758084],
       [0.1540982 , 0.8367624 , 0.20592509, 0.8939897 ],
       [0.65068716, 0.04450318, 0.7122025 , 0.09101702],
       [0.627292  , 0.12778711, 0.70691663, 0.20427075],
       [0.4922835 , 0.9188217 , 0.5696693 , 0.98990846],
       [0.3977885 , 0.00479568, 0.4761115 , 0.03688725],
       [0.92564654, 0.617204  , 0.9716176 , 0.67562646],
       [0.77802306, 0.36392304, 0.8198566 , 0.41499373],
       [0.8947764 , 0.6811681 , 0.94740635, 0.7350092 ],
       [0.6233255 , 0.18384553, 0.7109038 , 0.26184946],
       [0.2551121 , 0.89562273, 0.32196558, 0.9369503 ],
       [0.8989986 , 0.6191181 , 0.95509696, 0.6754111 ],
       [0.81844455, 0.31433594, 0.9302605 , 0.40977013]], dtype=float32)),
('283_1.png', array([[0.2097379 , 0.645503  , 0.30068344, 0.75348455],
       [0.46633804, 0.116438  , 0.61571264, 0.28364563],
       [0.80931646, 0.55170137, 0.89026076, 0.6932917 ],
       [0.8018334 , 0.29765758, 0.90326464, 0.39070383],
       [0.36052278, 0.06955417, 0.47710457, 0.17319575],
       [0.02403736, 0.5962986 , 0.11756417, 0.69395494],
       [0.6944767 , 0.21479598, 0.792989  , 0.29941383],
       [0.1866593 , 0.10251039, 0.3166364 , 0.23733512],
       [0.20044483, 0.81967336, 0.3203066 , 0.91668063],
       [0.36578918, 0.16614026, 0.46639746, 0.29127422],
       [0.6076394 , 0.1956703 , 0.7071864 , 0.29625043],
       [0.656286  , 0.6062189 , 0.7641103 , 0.72326   ],
       [0.45820552, 0.55194616, 0.588124  , 0.6809664 ],
       [0.64673376, 0.39944053, 0.71310234, 0.48692024],
       [0.36807176, 0.7884392 , 0.43829784, 0.8590699 ],
       [0.29126218, 0.42152604, 0.40118477, 0.51604676],
       [0.2861809 , 0.7297118 , 0.3754267 , 0.8508649 ],
       [0.8056684 , 0.6808685 , 0.8884817 , 0.77979445],
       [0.24984998, 0.39549103, 0.3118158 , 0.48308423],
       [0.708604  , 0.39170283, 0.80462205, 0.4685964 ],
       [0.6936785 , 0.28855607, 0.8042877 , 0.39916846],
       [0.697478  , 0.06334053, 0.7958575 , 0.15883517],
       [0.3078391 , 0.12496166, 0.38037014, 0.20272289],
       [0.8778357 , 0.6083716 , 0.9427263 , 0.6815679 ],
       [0.784361  , 0.10564581, 0.8851726 , 0.23620078],
       [0.5280136 , 0.6733925 , 0.5974752 , 0.7567043 ],
       [0.72406906, 0.7982737 , 0.7928017 , 0.8670111 ],
       [0.49862623, 0.00191101, 0.6514119 , 0.1323191 ],
       [0.6212168 , 0.28379685, 0.7000036 , 0.39081103],
       [0.11852731, 0.6028154 , 0.23808895, 0.7223891 ],
       [0.58554256, 0.66924524, 0.6872301 , 0.7992519 ],
       [0.90962476, 0.5430007 , 0.9865814 , 0.61497223],
       [0.3399964 , 0.28045568, 0.4803391 , 0.36739567],
       [0.5207108 , 0.7591353 , 0.6050663 , 0.85128087],
       [0.3047505 , 0.5512357 , 0.45309824, 0.6955426 ],
       [0.5045232 , 0.41385922, 0.64606494, 0.52923656],
       [0.22039363, 0.2685686 , 0.3124883 , 0.38325265],
       [0.04312319, 0.36961693, 0.20456515, 0.48091686],
       [0.7662637 , 0.83310324, 0.83482563, 0.8977259 ],
       [0.2273984 , 0.05289932, 0.34010953, 0.11930998],
       [0.831242  , 0.49362576, 0.9411678 , 0.5702652 ],
       [0.7103811 , 0.5119871 , 0.82725734, 0.5802113 ],
       [0.60029095, 0.7878419 , 0.7199226 , 0.86254203],
       [0.19415061, 0.78394175, 0.25294286, 0.85935366],
       [0.46159285, 0.2917483 , 0.5675511 , 0.4475057 ],
       [0.8297772 , 0.348047  , 0.95597917, 0.4574819 ],
       [0.35468128, 0.8688366 , 0.4777033 , 0.9817353 ],
       [0.05706402, 0.4748763 , 0.15172425, 0.627165  ],
       [0.03881989, 0.26818076, 0.11597116, 0.38375214],
       [0.92002577, 0.379374  , 0.99319357, 0.47541693],
       [0.72774136, 0.69690263, 0.8070123 , 0.8096707 ],
       [0.7604463 , 0.44562727, 0.86960673, 0.5220863 ],
       [0.5888843 , 0.8985438 , 0.7048815 , 0.9826544 ],
       [0.28809503, 0.20074473, 0.3660929 , 0.29548472],
       [0.5049156 , 0.2713575 , 0.6055205 , 0.3470693 ],
       [0.00378552, 0.44951767, 0.07030539, 0.5663547 ],
       [0.46433142, 0.83397335, 0.59662235, 0.93176395],
       [0.3838839 , 0.68740547, 0.534979  , 0.8016614 ],
       [0.1456967 , 0.5072444 , 0.28074   , 0.6172858 ],
       [0.09238118, 0.22117108, 0.23097053, 0.35070223],
       [0.7332207 , 0.57244444, 0.8114177 , 0.6376765 ],
       [0.27529085, 0.34022114, 0.34388226, 0.40937582],
       [0.13917555, 0.7448168 , 0.23668586, 0.80815744],
       [0.88414276, 0.67844427, 0.94650376, 0.761232  ],
       [0.61127734, 0.15524371, 0.7080678 , 0.21989624],
       [0.6424576 , 0.47893727, 0.70838606, 0.5810585 ],
       [0.32034028, 0.01602402, 0.4050995 , 0.0832334 ],
       [0.6917714 , 0.8480284 , 0.76276886, 0.90459037],
       [0.08326028, 0.17464924, 0.15093677, 0.25384435],
       [0.49295664, 0.9376102 , 0.6033751 , 0.99365634],
       [0.24943827, 0.9095334 , 0.35163027, 0.96382105],
       [0.48081875, 0.91725665, 0.5484196 , 0.9732211 ],
       [0.35097826, 0.35754988, 0.408444  , 0.42137554],
       [0.6209725 , 0.8655505 , 0.7202023 , 0.9187397 ],
       [0.69910985, 0.17066102, 0.7641973 , 0.2160684 ],
       [0.87526524, 0.44712073, 0.9402381 , 0.49610466],
       [0.42100155, 0.40935665, 0.48592597, 0.44889587],
       [0.20271833, 0.43103027, 0.25363216, 0.48282546],
       [0.06831651, 0.7322675 , 0.11684219, 0.8033246 ],
       [0.65432584, 0.03426418, 0.7166722 , 0.07177088],
       [0.8591844 , 0.76535916, 0.9056208 , 0.8298725 ],
       [0.64163   , 0.10201201, 0.6915378 , 0.15300119],
       [0.1363471 , 0.812643  , 0.18964858, 0.8592226 ],
       [0.95949876, 0.47441667, 0.99407876, 0.5438984 ],
       [0.38979423, 0.40122414, 0.43540132, 0.4561975 ],
       [0.7055141 , 0.89989406, 0.7565017 , 0.9471331 ],
       [0.39755964, 0.00508275, 0.47339863, 0.03643565],
       [0.6105214 , 0.17478928, 0.7082916 , 0.25593945],
       [0.8815353 , 0.63128763, 0.946228  , 0.7246432 ],
       [0.6769069 , 0.7482514 , 0.7244225 , 0.79561275],
       [0.15797198, 0.844741  , 0.20527178, 0.8925445 ],
       [0.19515388, 0.797132  , 0.29396558, 0.88242304],
       [0.7074966 , 0.81244797, 0.7829909 , 0.88420826],
       [0.18289398, 0.7435882 , 0.2539481 , 0.7970743 ],
       [0.9264711 , 0.64696205, 0.97339284, 0.70465004],
       [0.7033182 , 0.45458826, 0.7844848 , 0.5233614 ],
       [0.4024178 , 0.40609634, 0.46380726, 0.45043987],
       [0.7208786 , 0.53283143, 0.8165225 , 0.6008514 ],
       [0.403001  , 0.        , 0.47965574, 0.02635248],
       [0.7358447 , 0.80821526, 0.812748  , 0.87929595]], dtype=float32)),
('283_2.png', array([[0.8100535 , 0.54927796, 0.8903472 , 0.6938297 ],
       [0.2109529 , 0.64860946, 0.2991009 , 0.7495826 ],
       [0.46237165, 0.12004305, 0.6159633 , 0.27951008],
       [0.65711707, 0.6077857 , 0.7622228 , 0.7177224 ],
       [0.02401425, 0.597591  , 0.11752397, 0.69490165],
       [0.36808544, 0.17019045, 0.46539873, 0.29038242],
       [0.2876515 , 0.7323392 , 0.37741587, 0.850908  ],
       [0.800529  , 0.2971623 , 0.90369964, 0.39298195],
       [0.69380766, 0.21413241, 0.79398185, 0.30099392],
       [0.60700995, 0.19488113, 0.70967346, 0.29590994],
       [0.18574545, 0.09981567, 0.316727  , 0.2382946 ],
       [0.7127767 , 0.39161575, 0.80349725, 0.46635562],
       [0.19850002, 0.8176829 , 0.32048866, 0.9175467 ],
       [0.7835412 , 0.10730997, 0.8852154 , 0.23437598],
       [0.46218437, 0.5525531 , 0.5879939 , 0.67984587],
       [0.80815655, 0.6819497 , 0.8867844 , 0.78085107],
       [0.11849301, 0.602461  , 0.23864855, 0.72564006],
       [0.7175187 , 0.51193243, 0.82212377, 0.57347375],
       [0.64624375, 0.39909092, 0.7124627 , 0.48724654],
       [0.28887048, 0.4248517 , 0.3996962 , 0.51915574],
       [0.6931294 , 0.28728077, 0.8047358 , 0.39976695],
       [0.619009  , 0.2847324 , 0.701339  , 0.39036626],
       [0.30256242, 0.55112094, 0.4545375 , 0.6931911 ],
       [0.35778743, 0.06669606, 0.47775954, 0.182697  ],
       [0.50240916, 0.00452227, 0.6516045 , 0.12985411],
       [0.49520165, 0.2698324 , 0.61530346, 0.34675154],
       [0.7209856 , 0.8011037 , 0.793426  , 0.87589836],
       [0.22160333, 0.2683118 , 0.31227392, 0.38147736],
       [0.5051445 , 0.4100064 , 0.6501441 , 0.5318404 ],
       [0.7733202 , 0.8354858 , 0.833496  , 0.898527  ],
       [0.5227793 , 0.75743663, 0.6059477 , 0.8518578 ],
       [0.6979862 , 0.06526241, 0.7961374 , 0.15689513],
       [0.5841889 , 0.6674427 , 0.6860345 , 0.79984224],
       [0.3602386 , 0.87453455, 0.48191267, 0.9821175 ],
       [0.5310143 , 0.67621845, 0.5960405 , 0.75380105],
       [0.13421252, 0.7379944 , 0.2563441 , 0.80956644],
       [0.24924193, 0.39853886, 0.30982178, 0.48096833],
       [0.6002992 , 0.7871273 , 0.72030336, 0.8631652 ],
       [0.7328767 , 0.5679493 , 0.81283444, 0.6359465 ],
       [0.37884033, 0.6843999 , 0.53606266, 0.8030669 ],
       [0.3082975 , 0.1268985 , 0.38245675, 0.20172983],
       [0.46268022, 0.29855812, 0.56555367, 0.4485997 ],
       [0.34040868, 0.27956524, 0.4807818 , 0.36962035],
       [0.7278158 , 0.69750774, 0.8079744 , 0.81026495],
       [0.87681377, 0.602561  , 0.9440067 , 0.68185997],
       [0.19884738, 0.42749444, 0.26326182, 0.49043986],
       [0.03807376, 0.2635172 , 0.11740635, 0.38431764],
       [0.03077775, 0.36915755, 0.20361905, 0.48503852],
       [0.0039109 , 0.45074487, 0.06798252, 0.5645703 ],
       [0.05629221, 0.4729257 , 0.15258273, 0.6302531 ],
       [0.8344793 , 0.4896305 , 0.9467922 , 0.5729601 ],
       [0.2729542 , 0.3357205 , 0.35094038, 0.41177937],
       [0.23575144, 0.05362377, 0.33528277, 0.11449365],
       [0.5888436 , 0.898978  , 0.7051233 , 0.98181653],
       [0.9150897 , 0.5440044 , 0.98264813, 0.61238426],
       [0.09310113, 0.22134647, 0.23059009, 0.34634092],
       [0.60877734, 0.15463303, 0.715282  , 0.22143619],
       [0.76011944, 0.44900936, 0.866706  , 0.5200601 ],
       [0.29443145, 0.20579433, 0.36411345, 0.29476553],
       [0.64312   , 0.4805047 , 0.71115106, 0.58116764],
       [0.91905385, 0.3795013 , 0.9941161 , 0.48059204],
       [0.1488424 , 0.50819194, 0.2815195 , 0.6192124 ],
       [0.826684  , 0.34883618, 0.9569906 , 0.4606595 ],
       [0.8822783 , 0.6750513 , 0.9476752 , 0.7622587 ],
       [0.46205732, 0.8277871 , 0.59751344, 0.9395613 ],
       [0.4907632 , 0.93827385, 0.6079637 , 0.9938155 ],
       [0.24493454, 0.9082261 , 0.35372037, 0.96571296],
       [0.31789473, 0.01544458, 0.40630004, 0.08202989],
       [0.19426037, 0.7909829 , 0.24962555, 0.85896844],
       [0.08235461, 0.17385682, 0.14851746, 0.2536204 ],
       [0.6941055 , 0.8505743 , 0.7636703 , 0.9027656 ],
       [0.62183386, 0.86320436, 0.725975  , 0.9198717 ],
       [0.13360462, 0.8077161 , 0.1898574 , 0.86036843],
       [0.38534752, 0.39712095, 0.43899533, 0.45872158],
       [0.3964982 , 0.80703676, 0.4546805 , 0.86234844],
       [0.48150715, 0.9194072 , 0.5461001 , 0.97218627],
       [0.6439889 , 0.06367472, 0.68941253, 0.12724878],
       [0.694877  , 0.4551518 , 0.7659786 , 0.5143906 ],
       [0.875799  , 0.4509522 , 0.9376399 , 0.49392197],
       [0.08508061, 0.705579  , 0.13806897, 0.7645592 ],
       [0.7048643 , 0.8934817 , 0.76077586, 0.94291   ],
       [0.6590232 , 0.03213426, 0.71800286, 0.07059968],
       [0.8644091 , 0.76741004, 0.9056648 , 0.82408416],
       [0.35439909, 0.3535367 , 0.4070475 , 0.41107848],
       [0.37237132, 0.7903417 , 0.43495846, 0.84635967],
       [0.4134566 , 0.4051352 , 0.4757708 , 0.45335698],
       [0.77514696, 0.62078154, 0.82127595, 0.68951225],
       [0.9606552 , 0.47998953, 0.9944401 , 0.5463021 ],
       [0.06657144, 0.73910135, 0.11375575, 0.8016669 ],
       [0.6105548 , 0.17354706, 0.7101997 , 0.2543104 ],
       [0.88129663, 0.62840146, 0.94567955, 0.72622234],
       [0.39285246, 0.00569071, 0.47331193, 0.03767193],
       [0.70453393, 0.166735  , 0.75650907, 0.21600571],
       [0.92486805, 0.64790255, 0.97320527, 0.7040605 ],
       [0.92939705, 0.5573284 , 0.98614234, 0.6425254 ],
       [0.21744646, 0.420607  , 0.28989524, 0.48592862],
       [0.36448756, 0.09718668, 0.47226676, 0.23311037],
       [0.7334654 , 0.5303989 , 0.8154133 , 0.6111235 ],
       [0.19668618, 0.79953253, 0.2975641 , 0.8861991 ],
       [0.152641  , 0.10678571, 0.20441559, 0.15521227]], dtype=float32)),
('283_3.png', array([[0.2081801 , 0.644377  , 0.30269787, 0.7539382 ],
       [0.46822846, 0.1162386 , 0.6160656 , 0.28544047],
       [0.8091506 , 0.55293274, 0.89027226, 0.6932422 ],
       [0.80300105, 0.2984411 , 0.9025396 , 0.3890664 ],
       [0.36215433, 0.07066081, 0.47682765, 0.1712214 ],
       [0.6949873 , 0.21502486, 0.79287064, 0.29933217],
       [0.0241584 , 0.59566104, 0.11752255, 0.69353783],
       [0.45604935, 0.5510607 , 0.5877202 , 0.6817906 ],
       [0.6086477 , 0.1963914 , 0.70672536, 0.29653728],
       [0.2016949 , 0.8209774 , 0.32113367, 0.9163324 ],
       [0.29232353, 0.42134356, 0.40064484, 0.5159251 ],
       [0.69656485, 0.06217643, 0.79578084, 0.15831026],
       [0.18730709, 0.10436594, 0.31711164, 0.23637316],
       [0.36496943, 0.16531743, 0.46666193, 0.29224116],
       [0.6473644 , 0.3996865 , 0.71317995, 0.4870803 ],
       [0.80490416, 0.6798681 , 0.889206  , 0.7796358 ],
       [0.279566  , 0.19906944, 0.36625886, 0.2993558 ],
       [0.24764153, 0.39389858, 0.31255177, 0.48494598],
       [0.72608227, 0.80013627, 0.79209524, 0.86410505],
       [0.52430046, 0.67183584, 0.5987208 , 0.7574412 ],
       [0.65601873, 0.6065521 , 0.76745105, 0.72605157],
       [0.36872643, 0.78229314, 0.43790078, 0.8604408 ],
       [0.6937225 , 0.28849804, 0.8040966 , 0.39875883],
       [0.28503913, 0.7291177 , 0.37426817, 0.8496236 ],
       [0.3077802 , 0.12432772, 0.3803476 , 0.20374405],
       [0.90732235, 0.5418278 , 0.9888217 , 0.6171099 ],
       [0.70657843, 0.3915561 , 0.8049386 , 0.46975413],
       [0.87869513, 0.6100054 , 0.9423975 , 0.68076766],
       [0.34054118, 0.28034762, 0.47992003, 0.36529586],
       [0.5867511 , 0.67021817, 0.6877234 , 0.798891  ],
       [0.6222858 , 0.2831899 , 0.7013853 , 0.3884642 ],
       [0.5100434 , 0.271222  , 0.59734464, 0.34758973],
       [0.7847516 , 0.10537321, 0.8852244 , 0.23697352],
       [0.9190566 , 0.37999654, 0.99427074, 0.47280276],
       [0.04289752, 0.3688842 , 0.20575778, 0.48207778],
       [0.11889984, 0.60341066, 0.23711859, 0.72122866],
       [0.22543289, 0.05351024, 0.34192517, 0.12100819],
       [0.4965104 , 0.00128529, 0.6526638 , 0.1331492 ],
       [0.3512498 , 0.8680428 , 0.4779024 , 0.9841285 ],
       [0.21975271, 0.26815313, 0.3122596 , 0.38457358],
       [0.7662805 , 0.8326725 , 0.83516306, 0.8974476 ],
       [0.8305916 , 0.34765536, 0.9557007 , 0.4562798 ],
       [0.76114273, 0.4469801 , 0.8669592 , 0.52680546],
       [0.30558532, 0.5528423 , 0.45263278, 0.6955101 ],
       [0.50448936, 0.4163941 , 0.6441545 , 0.52926344],
       [0.46091452, 0.29160807, 0.56831634, 0.4476873 ],
       [0.70888764, 0.5125036 , 0.8268563 , 0.58302724],
       [0.6006961 , 0.78738177, 0.72008026, 0.86223114],
       [0.5886696 , 0.89800614, 0.7048523 , 0.9831807 ],
       [0.46469104, 0.83429337, 0.59566593, 0.9276862 ],
       [0.5217759 , 0.7584397 , 0.60508054, 0.85458106],
       [0.7286164 , 0.69562984, 0.8059655 , 0.81163394],
       [0.8307288 , 0.49517152, 0.9405436 , 0.56945807],
       [0.00758003, 0.44803524, 0.07085156, 0.5671561 ],
       [0.05805441, 0.4752855 , 0.15129566, 0.6264813 ],
       [0.03929638, 0.26909292, 0.11493344, 0.38222152],
       [0.19217525, 0.7792531 , 0.2578709 , 0.8641598 ],
       [0.1469012 , 0.50857514, 0.2791478 , 0.6160708 ],
       [0.0935327 , 0.21318275, 0.22981341, 0.3432067 ],
       [0.61235726, 0.15460737, 0.70734155, 0.21933301],
       [0.38739577, 0.6879035 , 0.53249484, 0.79768324],
       [0.8859123 , 0.6788642 , 0.9467287 , 0.75844413],
       [0.3183189 , 0.01638888, 0.40496606, 0.08474255],
       [0.2755572 , 0.34133196, 0.3421856 , 0.4075967 ],
       [0.64258087, 0.4812939 , 0.70585704, 0.58539027],
       [0.6909944 , 0.846349  , 0.7628777 , 0.90565515],
       [0.35096508, 0.35698628, 0.40929902, 0.420855  ],
       [0.4794349 , 0.91622597, 0.548956  , 0.97405094],
       [0.73278034, 0.57445186, 0.811082  , 0.6381033 ],
       [0.08290167, 0.1742548 , 0.15279353, 0.25315315],
       [0.14485085, 0.7471445 , 0.22063383, 0.8095252 ],
       [0.49325323, 0.936794  , 0.60132027, 0.9931534 ],
       [0.2499991 , 0.91009897, 0.3508411 , 0.9634357 ],
       [0.87251127, 0.4458099 , 0.94134414, 0.4973551 ],
       [0.62189025, 0.8667078 , 0.72028524, 0.9184699 ],
       [0.7032391 , 0.16971977, 0.76923215, 0.21535797],
       [0.06828865, 0.72740847, 0.12041087, 0.8051459 ],
       [0.41531593, 0.40942112, 0.48795182, 0.44939247],
       [0.6407182 , 0.1006174 , 0.69270337, 0.15554285],
       [0.8588703 , 0.7650401 , 0.9054567 , 0.83086115],
       [0.6732804 , 0.7485513 , 0.72593063, 0.79502815],
       [0.9597581 , 0.47365305, 0.99435204, 0.5435508 ],
       [0.15552454, 0.84103245, 0.20604233, 0.8942742 ],
       [0.3990669 , 0.00498504, 0.47432807, 0.03634166],
       [0.7060485 , 0.9022204 , 0.7554858 , 0.9474824 ],
       [0.3619465 , 0.7065732 , 0.4028345 , 0.75566417],
       [0.652397  , 0.03410149, 0.71445495, 0.07435724],
       [0.19491275, 0.79438984, 0.29117456, 0.88173354],
       [0.61063576, 0.17567496, 0.7072725 , 0.2562556 ],
       [0.8815705 , 0.63272214, 0.94722277, 0.7239779 ],
       [0.39335844, 0.4102507 , 0.44067666, 0.4539493 ],
       [0.19017422, 0.7404868 , 0.25137416, 0.7876423 ],
       [0.64949846, 0.05301862, 0.70787203, 0.11421848],
       [0.7380623 , 0.81012374, 0.8120869 , 0.8777676 ],
       [0.705984  , 0.8165021 , 0.7800828 , 0.88574886],
       [0.14332803, 0.82485   , 0.19699292, 0.87922734],
       [0.9260274 , 0.63957983, 0.96766496, 0.70396906],
       [0.4978931 , 0.7790907 , 0.60220194, 0.8824963 ],
       [0.36978477, 0.12088083, 0.4644959 , 0.23236002],
       [0.14718792, 0.50641006, 0.20879686, 0.5398744 ]], dtype=float32)),
('283_4.png', array([[0.4710942 , 0.11613458, 0.6164891 , 0.28974947],
       [0.8099462 , 0.5549641 , 0.8925835 , 0.69488996],
       [0.20705618, 0.64012283, 0.3050512 , 0.7596387 ],
       [0.3670598 , 0.07094691, 0.47576573, 0.16281667],
       [0.26836473, 0.19507405, 0.36766535, 0.30074853],
       [0.6093653 , 0.19723214, 0.70661074, 0.29560077],
       [0.8033228 , 0.29956588, 0.90148604, 0.38695446],
       [0.20559762, 0.8231093 , 0.31863976, 0.91520435],
       [0.45141447, 0.5514536 , 0.5882273 , 0.68281424],
       [0.02435028, 0.59119534, 0.11700921, 0.68782353],
       [0.29320297, 0.42130247, 0.40079752, 0.5155681 ],
       [0.9051619 , 0.53931147, 0.9915374 , 0.6204806 ],
       [0.6950924 , 0.06138476, 0.7968983 , 0.158762  ],
       [0.6947089 , 0.21487294, 0.79200166, 0.29913   ],
       [0.51869905, 0.66770715, 0.60109365, 0.75798124],
       [0.36583418, 0.7791631 , 0.43809825, 0.8704419 ],
       [0.36456037, 0.16450685, 0.46626443, 0.29248258],
       [0.3065011 , 0.12362512, 0.3792686 , 0.20443732],
       [0.72915053, 0.8008957 , 0.79125655, 0.8627546 ],
       [0.8037528 , 0.680326  , 0.8885449 , 0.7782217 ],
       [0.7046043 , 0.39313713, 0.8057707 , 0.4723437 ],
       [0.64772314, 0.40130395, 0.7121729 , 0.48650968],
       [0.34077486, 0.27968922, 0.47804996, 0.36205253],
       [0.5890447 , 0.67199486, 0.6872312 , 0.79949003],
       [0.18903264, 0.1067847 , 0.31363538, 0.23294225],
       [0.69446623, 0.28972778, 0.80322707, 0.39798972],
       [0.0411232 , 0.36655694, 0.20654792, 0.48233354],
       [0.34672529, 0.86788875, 0.477359  , 0.9877221 ],
       [0.8325469 , 0.3466838 , 0.9538905 , 0.45462185],
       [0.24471076, 0.38962975, 0.3133453 , 0.48847964],
       [0.9174442 , 0.3798347 , 0.99464893, 0.4695874 ],
       [0.6233417 , 0.28374803, 0.699317  , 0.38607562],
       [0.18693079, 0.7727031 , 0.2615076 , 0.86576134],
       [0.28315866, 0.7257174 , 0.3710385 , 0.85340893],
       [0.52049506, 0.7561894 , 0.6040946 , 0.8549606 ],
       [0.46189472, 0.30379033, 0.5732577 , 0.45585918],
       [0.765077  , 0.8319457 , 0.8371062 , 0.8982642 ],
       [0.11793151, 0.61019516, 0.24073693, 0.72716475],
       [0.7599611 , 0.4472555 , 0.8664514 , 0.5306943 ],
       [0.21725598, 0.27003962, 0.31168023, 0.38955212],
       [0.39539152, 0.6944264 , 0.52884644, 0.79111814],
       [0.49454552, 0.00811819, 0.6520998 , 0.1267587 ],
       [0.6559889 , 0.6055332 , 0.7696263 , 0.73214966],
       [0.46706   , 0.8359926 , 0.594068  , 0.9265251 ],
       [0.47953287, 0.9127092 , 0.54831266, 0.97730523],
       [0.305696  , 0.55470717, 0.45243   , 0.6958834 ],
       [0.7865302 , 0.10535701, 0.88328904, 0.23924783],
       [0.7314979 , 0.69904864, 0.8064822 , 0.8154912 ],
       [0.8305283 , 0.4951021 , 0.9383691 , 0.5695289 ],
       [0.880191  , 0.6160398 , 0.93918186, 0.68117756],
       [0.6369863 , 0.09763801, 0.6937837 , 0.1615707 ],
       [0.3164709 , 0.01708274, 0.40631178, 0.08711888],
       [0.05744668, 0.47256833, 0.15313427, 0.62774974],
       [0.50624084, 0.4240588 , 0.6418576 , 0.52935565],
       [0.23115782, 0.05150413, 0.34591943, 0.11902057],
       [0.59991324, 0.7882225 , 0.72219944, 0.8627971 ],
       [0.04020883, 0.26986203, 0.11329669, 0.37800255],
       [0.00783294, 0.44799298, 0.07225265, 0.5651472 ],
       [0.58908737, 0.8980809 , 0.70417166, 0.98268634],
       [0.15584087, 0.5106437 , 0.276797  , 0.61468065],
       [0.08954693, 0.2208812 , 0.23101856, 0.34998855],
       [0.7096372 , 0.5128169 , 0.83147365, 0.58266115],
       [0.68870646, 0.8438585 , 0.7617244 , 0.9092792 ],
       [0.6431231 , 0.4838364 , 0.70542747, 0.58371353],
       [0.61540294, 0.15524004, 0.70522106, 0.21878468],
       [0.35187358, 0.35260567, 0.4101827 , 0.43264535],
       [0.08351708, 0.17216106, 0.1537799 , 0.25239366],
       [0.6946316 , 0.16493015, 0.7872373 , 0.21781726],
       [0.889384  , 0.6811398 , 0.94573337, 0.75185955],
       [0.8706619 , 0.44412807, 0.9442224 , 0.4989353 ],
       [0.6675648 , 0.7495417 , 0.7306829 , 0.8037769 ],
       [0.14516698, 0.74484766, 0.22329186, 0.81075513],
       [0.27623266, 0.3431797 , 0.33822906, 0.40360838],
       [0.06504335, 0.72369903, 0.12413071, 0.8066229 ],
       [0.7305829 , 0.57841486, 0.8096234 , 0.6365734 ],
       [0.5178245 , 0.27810705, 0.57658774, 0.33897263],
       [0.62347573, 0.8661119 , 0.7217793 , 0.92004883],
       [0.41250288, 0.40497997, 0.49681014, 0.45048967],
       [0.49567056, 0.9353381 , 0.5991479 , 0.9919283 ],
       [0.25734708, 0.91136265, 0.34997824, 0.96500874],
       [0.35971645, 0.7033789 , 0.40383223, 0.7607025 ],
       [0.85810196, 0.7646829 , 0.9055568 , 0.8324193 ],
       [0.13795996, 0.5074987 , 0.21647194, 0.5445737 ],
       [0.95921147, 0.47105345, 0.9946021 , 0.5444244 ],
       [0.1540406 , 0.8390714 , 0.20663807, 0.89504683],
       [0.65021473, 0.03467067, 0.7101931 , 0.08105495],
       [0.39886367, 0.00452558, 0.47599083, 0.0367351 ],
       [0.19213676, 0.7927074 , 0.28980044, 0.88122433],
       [0.5615595 , 0.90845054, 0.60500616, 0.9547873 ],
       [0.706938  , 0.90515774, 0.75440705, 0.94846195],
       [0.7758257 , 0.6435907 , 0.82207793, 0.69346356],
       [0.8163788 , 0.31020737, 0.9293018 , 0.41273183],
       [0.74023306, 0.811078  , 0.81162333, 0.8775844 ],
       [0.14503655, 0.5124116 , 0.23825899, 0.56722856],
       [0.66811705, 0.8583205 , 0.7509568 , 0.92035437],
       [0.8860793 , 0.3653069 , 0.9751717 , 0.4566179 ],
       [0.14249754, 0.8243104 , 0.19879562, 0.88252723],
       [0.5908606 , 0.50308794, 0.63959956, 0.5484614 ],
       [0.5017692 , 0.7762771 , 0.59412694, 0.8874932 ],
       [0.29041824, 0.1798235 , 0.41104886, 0.28588033]], dtype=float32)),
('283_5.png', array([[0.28884214, 0.7359976 , 0.37973094, 0.851062  ],
       [0.66021013, 0.61083066, 0.760128  , 0.71406996],
       [0.37031236, 0.17520091, 0.46262547, 0.28785098],
       [0.02440962, 0.6005933 , 0.11815119, 0.6965878 ],
       [0.4637934 , 0.12322427, 0.6143186 , 0.2755218 ],
       [0.6933222 , 0.21485806, 0.79548776, 0.3014995 ],
       [0.6086057 , 0.19341713, 0.71087676, 0.29593402],
       [0.18506798, 0.10163736, 0.31579986, 0.24001905],
       [0.8108767 , 0.5471174 , 0.8892529 , 0.692283  ],
       [0.8003508 , 0.2970672 , 0.9046521 , 0.39535442],
       [0.78310865, 0.10707998, 0.88581127, 0.23210996],
       [0.3649515 , 0.88059306, 0.4772498 , 0.9819341 ],
       [0.1981432 , 0.81728524, 0.3194161 , 0.9173246 ],
       [0.6181568 , 0.2857729 , 0.70427084, 0.3892229 ],
       [0.71678954, 0.3919759 , 0.8027399 , 0.4632062 ],
       [0.11762603, 0.6014646 , 0.23898777, 0.7273184 ],
       [0.83729434, 0.4854775 , 0.9485674 , 0.59864897],
       [0.29007125, 0.4256435 , 0.3997286 , 0.52015215],
       [0.21123783, 0.6526885 , 0.29601446, 0.74585617],
       [0.5242182 , 0.7586313 , 0.60510695, 0.8507728 ],
       [0.6460058 , 0.39933786, 0.7121944 , 0.4892104 ],
       [0.6933437 , 0.28668877, 0.80533856, 0.4002774 ],
       [0.22251172, 0.27117664, 0.311971  , 0.3761407 ],
       [0.46062776, 0.55472404, 0.5854359 , 0.6785303 ],
       [0.30286586, 0.5519046 , 0.4523427 , 0.69038826],
       [0.48514095, 0.26809168, 0.61826116, 0.3494053 ],
       [0.8121891 , 0.68329597, 0.885219  , 0.78067553],
       [0.5075988 , 0.00551551, 0.65054697, 0.12782004],
       [0.5082569 , 0.40970844, 0.6519892 , 0.53250885],
       [0.19174507, 0.423832  , 0.26902854, 0.4948265 ],
       [0.13723296, 0.73572856, 0.2642238 , 0.80435485],
       [0.2718277 , 0.33391213, 0.3577327 , 0.4112627 ],
       [0.58357984, 0.66821873, 0.6829912 , 0.79204595],
       [0.35639608, 0.8074139 , 0.4571513 , 0.8928104 ],
       [0.7120451 , 0.7992836 , 0.7945527 , 0.8846171 ],
       [0.87391305, 0.5992984 , 0.9449245 , 0.6827298 ],
       [0.70121783, 0.06644623, 0.7957193 , 0.1555861 ],
       [0.04002465, 0.26692548, 0.11836446, 0.38753298],
       [0.7285421 , 0.69733834, 0.80927086, 0.81161904],
       [0.04170965, 0.36934328, 0.20728357, 0.48806852],
       [0.73160267, 0.5632646 , 0.814468  , 0.63183105],
       [0.30729467, 0.12833577, 0.3840341 , 0.20187747],
       [0.46272257, 0.30431467, 0.562922  , 0.4490146 ],
       [0.6006279 , 0.78714055, 0.71797574, 0.86175936],
       [0.09430137, 0.22173594, 0.23023662, 0.33713457],
       [0.762853  , 0.4479258 , 0.8666681 , 0.51912427],
       [0.3768938 , 0.68546784, 0.53839314, 0.80580807],
       [0.60433024, 0.15340228, 0.71852833, 0.22406016],
       [0.46102303, 0.82411945, 0.5969865 , 0.94117916],
       [0.3560923 , 0.06485418, 0.47797278, 0.19105947],
       [0.33940968, 0.27933642, 0.48223612, 0.37153473],
       [0.05352943, 0.47516266, 0.15201354, 0.6317356 ],
       [0.881652  , 0.67728144, 0.9469652 , 0.77215296],
       [0.14166497, 0.5066868 , 0.282862  , 0.6217557 ],
       [0.6438539 , 0.48072463, 0.7132131 , 0.581189  ],
       [0.00508393, 0.4513565 , 0.06606839, 0.5621297 ],
       [0.7745131 , 0.83719623, 0.83156335, 0.89646554],
       [0.5906183 , 0.89915466, 0.70354825, 0.9826461 ],
       [0.53222007, 0.67847234, 0.5945117 , 0.7506495 ],
       [0.13438365, 0.80227447, 0.19549772, 0.863312  ],
       [0.29634538, 0.2074599 , 0.3647038 , 0.29032555],
       [0.6175932 , 0.860598  , 0.72492856, 0.91912764],
       [0.24162886, 0.90979034, 0.35651574, 0.9693772 ],
       [0.31935987, 0.01428543, 0.40842423, 0.07989714],
       [0.48823225, 0.94053733, 0.61354613, 0.9961406 ],
       [0.72855324, 0.5120059 , 0.81107944, 0.5647011 ],
       [0.9160697 , 0.38110217, 0.99327   , 0.48335174],
       [0.25219232, 0.40334556, 0.31079876, 0.48169473],
       [0.07959399, 0.70196986, 0.14099708, 0.7771127 ],
       [0.64138055, 0.05926464, 0.69767106, 0.1300912 ],
       [0.2411659 , 0.05326765, 0.3280429 , 0.10981531],
       [0.76026744, 0.61633563, 0.8276965 , 0.6957649 ],
       [0.83109784, 0.34457088, 0.959396  , 0.4570142 ],
       [0.37978226, 0.3864004 , 0.43605494, 0.4630189 ],
       [0.92207736, 0.5436173 , 0.9800424 , 0.61049753],
       [0.08615999, 0.17655195, 0.14653485, 0.24733324],
       [0.69934314, 0.4577065 , 0.76689845, 0.5202235 ],
       [0.6960534 , 0.851162  , 0.7635461 , 0.899772  ],
       [0.19373558, 0.7977327 , 0.24638338, 0.85581505],
       [0.7043374 , 0.89262146, 0.77467614, 0.9396214 ],
       [0.13093573, 0.32607818, 0.18063915, 0.37544292],
       [0.7145965 , 0.16212319, 0.7614907 , 0.20832442],
       [0.69862556, 0.81915367, 0.77813196, 0.8967328 ],
       [0.93409276, 0.56156135, 0.986019  , 0.645224  ],
       [0.57585734, 0.5327787 , 0.62319726, 0.578489  ],
       [0.657732  , 0.03343492, 0.7194592 , 0.07272838],
       [0.48346028, 0.9239988 , 0.5428389 , 0.96888524],
       [0.8657416 , 0.76700693, 0.90557086, 0.8205642 ],
       [0.95992553, 0.4815415 , 0.9939728 , 0.546772  ],
       [0.88030887, 0.6240183 , 0.9460038 , 0.72782874],
       [0.3961658 , 0.00546569, 0.47086573, 0.03715671],
       [0.47165674, 0.27963254, 0.5940549 , 0.39955458],
       [0.15255968, 0.1057566 , 0.2061102 , 0.15564875],
       [0.50365555, 0.07785159, 0.5402533 , 0.13639525],
       [0.9445306 , 0.58542657, 0.9858457 , 0.6613482 ],
       [0.35993195, 0.8534062 , 0.46911228, 0.950158  ],
       [0.22001208, 0.41408122, 0.29368743, 0.48277825],
       [0.8152339 , 0.51836884, 0.9146566 , 0.65140116],
       [0.8139488 , 0.32620913, 0.93429583, 0.42922497],
       [0.8750325 , 0.4568892 , 0.93240577, 0.49386048]], dtype=float32))]
